(1,2,3,4,8,9) : [[2,4],[2,5],[3,6]]
(1,2,3,6,7,8) : [[2,6],[2,5],[1,3]]
(1,2,3,5,7,9) : [[1,3],[1,5],[3,5],[3,6]]
(1,3,4,5,9) : [[1,5],[3,5],[3,6],[4,7]]
(1,3,5,6,7) : [[3,5],[1,5],[1,4],[6,9]]
(2,3,4,5,9) : [[2,4],[3,6],[5,8],[5,9]]
(1,2,5,6,7) : [[2,6],[1,4],[5,8],[5,7]]
(1,3,4,5,8) : [[1,5],[3,5],[3,6]]
(1,3,5,6,8) : [[3,5],[1,5],[1,4]]
(1,2,4,6,9) : [[2,4],[2,5],[2,6]]
(2,3,4,6,7) : [[2,4],[2,5],[2,6]]
(2,3,5,6,7) : [[2,6],[5,7],[5,8]]
(1,2,4,5,9) : [[2,4],[5,9],[5,8]]
(2,3,4,5,6,7) : [[2,6],[3,5]]
(1,2,3,4,5,9) : [[2,4],[1,5]]
(1,3,4,6,8) : [[4,8],[4,7],[6,8],[6,9]]
(1,2,4,5,6,9) : [[1,5],[2,4]]
(2,3,4,5,6,7) : [[3,5],[2,6]]
(2,3,5,9) : [[3,5],[3,6]]
(1,2,5,7) : [[1,5],[1,4]]
(2,3,5,7) : [[3,5],[3,6]]
(1,2,5,9) : [[1,5],[1,4]]
(1,3,4,9) : [[3,6]]
(1,3,6,7) : [[1,4]]
(3,4,5,6) : [[4,7],[5,8]]
(1,3,4,5) : [[5,8],[6,9]]
(1,4,5,6) : [[1,5]]
(3,4,5,6) : [[3,5]]
(2,4,5,6) : [[2,6],[4,7],[2,4],[6,9]]
(1,4,5,6) : [[4,7],[5,8]]
(3,4,5,6) : [[5,8],[6,9]]
(3,4,5) : [[3,5],[3,6],[4,7]]
(1,5,6) : [[1,5],[1,4],[6,9]]
(2,4,5) : [[2,4],[5,8]]
(2,5,6) : [[2,6],[5,8]]
(1,4,5) : [[1,5],[4,7]]
(3,5,6) : [[3,5],[6,9]]